1000 1000
3345 5640 77
1071 4014 34
702 717 20
3119 410 57
2184 9159 91
4860 8512 69
5038 729 81
1052 5092 17
4724 7898 89
3492 4982 50
5388 529 99
2840 6488 43
2080 6039 62
1085 4097 14
1735 277 46
5406 9979 47
1506 2573 67
2446 8103 3
1407 2005 90
830 8987 93
5140 4994 96
1189 5868 93
3431 7636 8
2615 7936 22
1296 8674 23
3687 3325 87
3449 7169 54
3851 8301 20
1902 6142 87
1841 8229 31
2018 5233 86
5069 9451 13
2591 6878 52
1484 3760 64
3846 6219 31
1051 1649 59
3392 4118 3
943 1496 46
3020 6994 46
4219 5827 42
3615 4780 94
796 4137 8
1421 3066 12
1672 6071 16
1432 2206 2
2854 5739 26
2484 1111 35
4354 7661 47
5134 6487 20
4420 4338 54
1612 972 1
3962 7482 3
1982 5645 0
1445 4907 26
5474 2161 45
5368 7887 48
2750 7049 76
2366 574 91
2075 235 99
4625 281 63
4300 7869 70
3888 3043 62
2981 9266 36
3009 6746 3
4572 3096 6
670 4134 96
4214 2902 20
2083 5863 56
4843 6514 80
5472 93 95
1459 1128 68
2427 1421 63
1733 3328 10
1575 8118 18
770 8845 95
2279 3819 18
4986 9025 11
2346 481 50
603 4718 43
4353 5406 17
4417 640 42
4948 7142 41
748 4491 34
1845 4101 21
1518 2292 33
514 6296 44
4227 777 1
4474 4130 2
4229 7514 70
4737 7014 34
4343 5627 83
5005 8742 38
1925 478 68
580 4909 63
3945 1094 37
4111 4878 26
2813 6845 6
3703 3624 41
3528 9107 28
4358 590 26
1823 1634 82
801 1228 31
3965 8594 35
1069 3008 72
4394 7441 12
3943 2691 39
717 6900 77
4715 1640 92
3256 6346 72
4119 9332 53
1946 4504 3
2270 7470 88
2387 1676 70
2008 2536 26
615 8819 33
2984 7209 66
1055 8136 21
2030 7947 71
1652 5390 7
1228 3862 21
994 1466 81
3785 7331 47
4679 5990 35
3140 7768 39
2187 6019 36
2802 8397 80
3086 2354 80
3572 9699 6
5275 9586 67
1937 4204 35
2024 2487 55
1012 3990 5
587 6204 97
4199 1083 62
3753 1250 13
1602 7254 14
2055 1640 10
4815 4880 84
1639 2721 96
4508 1756 48
5285 7564 83
2713 7575 88
4367 52 79
2311 1425 22
701 3629 11
3030 6000 24
754 9043 15
2537 5780 60
2236 8087 8
726 620 20
1812 1749 85
830 1267 48
3351 3353 4
796 3323 80
4078 2160 56
3472 3860 12
3108 3837 2
4886 8036 3
4644 3658 31
2779 6492 17
3782 1097 82
3409 7530 42
1026 2717 99
3321 9968 27
4751 3654 74
4831 685 19
1834 7037 6
3100 1840 22
1689 9265 89
2182 9682 90
4648 6986 40
643 7181 0
1921 537 26
4876 3779 13
3501 5620 54
3791 6567 97
5304 2882 95
1463 6422 91
5375 9937 4
1516 4051 43
5220 8738 46
3348 7348 51
2757 6783 49
805 7743 52
3812 8650 82
2434 4852 97
828 9843 94
1652 5293 27
2516 8852 43
5499 4394 15
3008 1335 15
4599 1607 4
4049 5712 92
1284 1232 55
2771 7547 65
4596 5351 42
654 1733 80
1919 4312 57
3383 850 71
2301 3068 13
993 7668 12
735 9758 95
2143 7897 68
2937 2200 61
4736 1676 59
3858 5756 88
3782 3557 60
4346 1293 18
1442 6488 0
2959 1710 95
2473 6606 97
2168 8129 59
3932 4945 18
3029 6108 86
2537 2961 90
3798 3872 36
4755 9202 45
3215 6736 31
1500 1401 7
2493 9096 98
3871 8187 86
2824 2962 45
2114 5928 60
4019 6847 98
3021 9610 98
2379 5778 69
2298 8849 10
3998 5871 88
1261 7967 77
1614 6854 14
705 5502 73
935 6042 27
1352 8373 4
3270 6855 28
5299 5556 66
2206 3195 53
2606 4627 76
3225 6287 89
5235 5012 1
952 6478 25
1646 1944 93
5226 849 48
1222 6099 49
5223 3311 11
2206 6471 97
1296 4412 68
952 9154 31
3135 3773 94
3071 4197 65
4654 4098 96
3707 3562 55
1998 4634 19
3957 8328 89
5037 7499 60
4043 8931 2
3431 6822 12
3594 5353 45
3051 9846 21
958 466 56
3906 7754 69
3292 7959 42
1108 6047 8
4805 6426 31
1634 7783 59
4076 4737 15
3569 6720 50
2647 6941 99
1537 8643 99
3312 6267 8
784 6549 10
1112 4629 25
4617 8052 28
4846 7480 72
4267 2058 24
969 1711 67
1687 6477 33
2273 4336 79
4741 2178 91
1193 9797 70
4288 7116 94
1718 7113 47
555 7132 92
1049 2903 96
4319 9179 32
4193 5452 81
5413 6343 98
1686 6551 96
3316 7721 6
1548 2440 89
3877 9969 84
2535 906 60
1672 9662 12
531 5405 26
2136 916 18
2830 3203 0
3006 5686 59
4416 1571 73
2794 5893 66
5240 7926 20
1776 8135 99
4621 5234 7
5168 502 6
2863 6870 17
5206 590 79
2004 5791 90
913 4344 24
1680 3465 48
1450 1404 45
5356 4938 49
3204 5821 58
5419 7128 50
1673 4833 19
1293 3561 62
4258 2995 87
3560 8922 55
4854 8324 87
858 8381 1
2629 5036 13
2841 5164 38
1042 5840 17
3190 6159 56
952 8673 35
3377 6094 7
3914 2252 30
5059 1226 9
4234 6019 99
5309 5768 33
909 7363 25
531 1335 45
3728 3996 46
3594 8645 17
2375 2590 20
4479 893 21
5147 1380 41
4572 844 3
1493 7145 80
1142 7107 28
2426 1670 81
1724 1684 39
3965 6963 72
4196 8496 40
4766 8224 16
1014 1063 40
1001 6157 60
579 6204 28
2686 388 45
1135 944 54
4030 3827 10
3454 6628 2
5122 8656 89
1255 4674 81
2045 9231 8
4071 6385 89
1925 3437 28
5058 1156 25
5128 7748 92
1381 9450 23
2945 9085 97
4816 8949 26
1625 7464 18
2388 6364 42
1782 3911 34
2935 6878 24
2598 1089 84
648 1374 36
3707 5651 62
3902 5662 2
1930 9643 3
1628 3673 84
2347 4759 14
2798 10016 75
1794 1552 9
2901 791 24
1246 8402 3
3342 9084 17
1670 3129 59
4519 526 61
5253 7441 56
1106 4947 19
3005 2010 15
2985 1775 29
1231 1732 56
1938 2103 19
5381 9143 40
2978 2189 7
2648 4258 66
2345 4217 42
1815 8088 69
2181 2910 81
1660 9773 48
2351 3853 20
5447 7841 16
4925 2220 94
2450 9232 39
1648 7943 75
2021 3110 35
2825 96 78
2197 5092 44
4271 9817 63
4744 5844 92
3619 1179 96
4817 9592 23
5034 1646 33
859 6497 75
574 3531 74
1438 9283 97
1199 620 1
1921 3472 28
3800 1592 12
1853 203 26
2449 6114 75
2051 651 81
1128 7634 79
2508 8020 57
1273 4878 64
4036 4623 33
3943 1770 98
1705 7156 39
2108 5443 12
4926 346 99
519 5874 90
5350 4806 14
3054 3696 98
542 7792 27
5090 9128 96
3173 8815 57
1502 9509 70
1279 6966 69
803 5706 49
739 3516 59
5481 9079 2
3799 6535 70
1018 5913 39
3512 2702 20
2645 4866 2
1616 5322 97
1391 9944 91
3296 9128 46
5321 9494 92
2732 1424 6
1180 3449 96
5432 10008 47
1556 3893 97
4779 4836 4
2499 98 32
3876 6089 91
2755 4153 11
1305 1806 37
1767 3931 19
4995 9444 36
2808 4097 79
1834 3142 5
1475 1701 17
3302 9665 44
4888 1757 89
5174 2743 45
1309 222 26
664 6526 60
2034 3517 89
3140 3213 47
2472 9012 57
4884 7483 19
1970 2570 51
2039 3294 67
904 1140 86
2858 4840 34
4909 3464 55
1693 2320 35
1520 2189 84
4201 5218 96
810 3991 67
2608 4855 86
3387 2726 22
2879 1637 61
2983 1556 73
3250 5820 22
3807 5969 81
5191 9974 57
1613 701 31
1832 1024 47
5419 650 71
2157 3591 30
2397 3754 45
5209 5974 2
1304 7118 19
4032 1735 17
4854 8443 36
4480 5525 26
3535 3658 26
1638 8040 1
4080 4583 54
2297 5195 85
4485 4145 11
754 3277 68
5285 3583 52
4680 6253 10
4186 6820 76
3302 9233 60
678 9320 29
3573 7655 61
4331 7375 44
933 1124 83
522 8035 29
3765 666 98
3962 3661 85
3364 9231 16
3820 4271 43
5249 1270 21
1753 2019 43
935 5232 75
3679 1501 49
5336 1615 8
2445 2822 35
1699 5961 78
1622 5192 71
1396 5451 8
5005 6168 66
1821 1152 29
2530 9014 8
3447 1521 82
3344 3668 16
1144 404 63
1389 6216 99
3098 8739 87
2897 8743 76
2881 7258 73
1027 2925 13
2237 21 93
2661 2910 29
2604 2475 25
5250 5956 16
4303 6148 13
4123 7276 18
4154 7194 70
2262 2919 59
4918 1933 43
1781 7606 17
2515 9946 46
3459 1725 72
2574 6631 38
3545 2789 18
3932 4901 81
2626 5107 70
1405 36 77
1847 1250 42
5030 6116 92
5475 4923 19
5096 4353 57
5304 1484 41
3860 7061 41
1681 9280 70
3207 2992 63
5078 3241 1
3047 1315 32
4943 4871 94
3389 9966 6
739 8005 46
5346 7397 17
5330 8430 89
2900 5225 75
3891 3539 97
1766 6174 87
3697 4652 41
988 3610 98
1714 5668 66
3075 3062 58
4185 7011 33
2858 4913 30
2321 4233 0
2626 3237 91
1805 6568 69
2047 3354 92
5445 6312 84
3295 7469 70
511 4108 22
685 8438 20
2361 1912 90
3757 3286 83
776 1431 65
906 6802 67
1930 253 3
2965 1297 1
2760 4560 42
3637 9586 26
3007 8195 55
3085 4730 77
987 224 69
2580 4673 93
2310 4988 43
541 4181 9
3986 1741 78
4706 4266 64
2063 733 52
2124 2701 14
706 5172 53
4145 6377 31
2412 5606 74
3234 2366 11
5499 8690 8
5002 4723 93
4358 6932 35
2316 6748 56
1061 5754 62
5251 7038 19
4306 4420 24
1706 1010 93
1916 5604 93
3394 9491 90
1486 6959 19
617 4129 22
3705 2257 55
1420 1047 89
2332 844 94
5063 1871 30
747 9950 87
921 2257 89
1032 1889 41
1106 2127 9
4598 1711 97
2876 543 69
2849 99 42
5448 493 89
4024 9487 46
1231 7737 86
3736 8205 1
2601 1728 78
4595 9262 36
2833 8527 33
4872 5950 11
879 3171 49
1623 1605 52
1568 8060 23
3390 177 47
1457 7714 91
1852 4683 54
1664 153 75
3047 4594 49
5160 4121 85
4671 2119 15
4332 5346 57
3298 5471 96
1070 353 82
1978 6019 61
5476 1775 92
930 3268 97
4345 6845 65
3583 4759 49
4394 9992 14
2610 3733 89
1289 4965 19
3171 8234 40
4727 7094 2
2683 6872 72
4192 2200 73
1453 9920 38
1230 156 39
3542 9104 66
5107 6315 79
1200 8469 44
3240 2534 83
4323 528 81
3622 2413 36
4703 3426 85
5295 1121 86
3574 8934 97
5256 1798 70
1188 7365 64
714 8011 39
698 4268 58
2547 9100 24
3638 5148 81
3478 4711 25
4046 4061 49
3815 1459 14
3730 4903 99
2484 8875 49
4638 6219 46
1395 3155 13
2224 2182 80
2048 7406 95
1185 7747 19
4232 6349 25
3018 1668 97
3296 1990 66
1671 3189 10
897 3193 52
709 3330 21
589 7587 40
4158 6301 59
3673 8991 76
4515 3528 9
4784 7054 36
3878 3765 79
4490 1082 49
3073 4634 6
1950 6600 43
806 6597 82
2698 8726 28
604 381 61
3281 4319 74
2767 6758 50
3474 7830 93
2349 5546 57
3342 4645 12
3499 4641 69
3883 5726 23
1816 8870 26
1216 3233 94
2974 3465 75
4608 823 73
668 8545 62
5159 1213 46
4902 3690 59
5065 217 79
3956 6897 43
5066 800 48
605 1890 54
2136 4486 15
4474 5927 99
4179 1544 4
1702 3667 40
5099 2576 94
4045 156 96
894 1123 62
583 7426 48
2772 8515 96
2875 2864 22
5259 6704 69
2475 1684 24
4362 1022 70
4835 6169 92
4850 7072 72
3281 1908 96
1341 7583 5
739 9553 96
2371 7130 76
1718 1820 67
710 6264 11
2124 4819 76
2755 3876 93
4207 300 19
4605 1716 83
5382 6096 12
2158 7607 51
4413 3958 43
1920 4744 25
949 5798 75
4465 2116 76
3372 5689 95
3410 6930 45
4716 8284 97
3272 6815 88
1138 3193 73
4413 8348 36
5048 1499 93
3755 8473 47
5465 5436 45
2722 9412 94
3935 9613 16
2119 9760 69
4385 1537 84
4198 6316 33
5096 1225 85
2992 545 64
4169 1826 31
1839 9745 94
2952 9661 18
4638 3744 38
4605 6262 84
5095 1295 48
3730 2191 26
4779 8273 7
1031 4755 79
2324 2207 45
4166 6116 39
1366 9339 73
1296 9876 36
1644 984 17
4923 6033 54
874 6231 21
714 3239 52
4256 682 2
733 2818 24
4698 3901 66
3394 3844 79
3718 3606 17
1386 2607 69
1204 8763 38
796 4686 58
2921 2772 59
3603 579 97
1029 7601 99
4887 8833 88
2657 7475 40
3656 6869 35
3013 3456 22
2050 6164 62
1496 1177 33
1369 3616 70
2130 7797 3
4739 4631 40
1446 3502 16
3676 5651 75
562 9433 13
3691 1314 61
2143 3940 59
3882 7166 85
644 526 75
4929 7150 87
2808 4719 50
4762 2169 9
724 4458 91
4814 4954 73
4997 372 71
4178 9679 51
3392 8406 21
2672 9085 67
4004 9469 37
4250 6688 81
838 2506 12
1021 9610 0
3124 5855 66
2342 7910 38
1884 70 91
5444 3289 85
3802 5342 54
5251 6042 29
2945 2485 34
2950 2891 57
2222 5390 93
2975 3146 32
3203 1461 38
2899 9919 48
2078 5735 78
2465 3678 97
4183 589 30
559 5109 63
3224 9769 30
2092 2754 54
922 8098 56
1775 4584 68
2510 3887 45
2534 3920 45
1974 6980 3
1630 7193 29
3471 4071 27
4881 4707 55
1197 4455 90
4928 3740 29
1472 2490 45
4387 3834 98
2622 7085 91
5297 319 83
818 9716 41
2123 2756 11
559 2398 41
2736 4029 89
4346 4298 28
3518 4540 2
4103 9363 80
667 5710 45
3761 4932 31
1675 9073 30
2814 8282 94
640 3035 56
3496 861 92
526 5058 28
4923 228 4
3086 6635 20
3316 893 58
544 8597 71
1185 5727 35
1877 5934 2
3035 2813 46
3867 9697 68
2577 5657 12
4653 9001 97
2456 4688 47
722 4328 67
3602 8937 23
2437 9076 69
2833 4356 50
2381 9267 45
1148 6863 32
875 859 4
4341 7318 66
4640 2758 71
765 2600 42
2181 9940 54
2953 53 16
4473 6017 5
5194 4623 45
1783 187 63
3927 8222 89
2014 4257 39
2401 4656 80
2786 3489 89
859 2165 40
4466 3466 14
2975 6160 16
4132 6951 41
4113 5811 34
1235 4000 33
3698 9137 87
3122 7946 70
3180 6397 39
5037 1556 54
3722 2420 90
1233 1645 98
4844 2953 41
4601 7203 99
944 201 75
797 7517 81
4108 7150 97
2286 2411 37
3786 6592 77
4871 1247 60
1980 2853 22
5336 2791 55
4527 9454 65
1529 4677 96
679 372 18
3081 1617 30
573 3133 95
5148 6042 78
2699 9107 59
5188 6613 97
2280 2854 20
3729 7162 67
3429 3463 61
4050 4829 75
2637 5921 48
5485 6095 8
2599 6310 7
1581 524 88
5066 4276 93
2881 5903 82
2537 6403 77
4144 6774 49
1241 4682 34
2469 712 34
4915 8717 0
3412 1831 51
814 1060 80
3803 9098 63
988 6300 0
4462 3149 75
847 1956 16
5477 1508 3
4483 2897 94
1775 9678 3
2357 722 36
1437 9211 87
2225 5549 3
4360 10014 27
4583 5671 67
1231 2664 83
1498 9372 95
3822 2394 80
3984 7175 93
4275 1244 69
3684 9206 16
4500 3311 81
836 2813 75
4847 7263 55
3693 3406 94
4369 1425 48
5009 4895 97
954 3455 3
2063 701 55
4572 4865 56
2377 9666 62
1838 7705 69
3463 2791 54
5316 2971 63
1698 7996 27
957 328 83
4751 1194 1
1218 763 52
1992 5371 57
3349 5457 57
4222 7490 69
2445 427 89
3612 5289 81
3351 5550 42
3183 9642 73
3602 2445 63
2908 352 33
4716 9852 3
1682 25 57
3279 1553 45
4793 8340 66
3599 291 18
4881 4264 65
5497 5424 90
4587 2164 81
2699 8483 98
5267 1146 42
1021 6284 16
2907 2843 79
